0.00000000 0.00000000 0.03417921 -0.00039093 0.00152241 0.00408396 
0.00000000 0.00000000 0.03265500 -0.00134060 -0.00184962 0.00114204 
0.00000000 0.00000000 0.03273487 0.00174215 0.00224691 -0.00314617 
0.00000000 0.00000000 0.03933501 0.00066365 -0.00020646 -0.00187227 
0.00000000 0.00000000 0.02743411 -0.00166584 -0.00325170 0.00131651 
0.00000000 0.00000000 0.03343082 0.00067733 0.00099148 0.00057132 
0.00000000 0.00000000 0.03388214 -0.00061658 0.00030288 0.00201216 
0.00000000 0.00000000 0.03269291 0.00006459 0.00263875 -0.00181344 
0.00000000 0.00000000 0.03635907 0.00061356 0.00012785 0.00088898 
0.00000000 0.00000000 0.03282404 -0.00065893 0.00054572 -0.00024974 
0.00000000 -0.00000000 0.03082991 0.00090044 -0.00110193 -0.00155500 
0.00000000 -0.00000000 0.03319907 -0.00163531 -0.00230116 0.00236077 
0.00000000 -0.00000000 0.03355288 0.00014044 0.00061496 0.00036003 
0.00000000 -0.00000000 0.03633714 0.00169542 0.00324411 -0.00570833 
0.00000000 -0.00000000 0.03000403 -0.00111021 -0.00040510 0.00533266 
0.00000000 -0.00000000 0.03492093 -0.00095216 -0.00189538 0.00193995 
0.00000000 -0.00000000 0.03173494 0.00244347 -0.00126182 -0.00609318 
0.00000000 -0.00000000 0.03319597 -0.00107417 -0.00029418 0.00295880 
0.00000000 -0.00000000 0.03620815 0.00124381 0.00062360 -0.00310174 
0.00000000 -0.00000000 0.03067494 -0.00146028 -0.00160676 0.00281070 
0.00000000 -0.00000000 0.03300595 0.00109846 0.00268026 -0.00239007 
0.00000000 -0.00000000 0.03625298 -0.00189053 -0.00096439 0.00448653 
0.00000000 -0.00000000 0.03280497 0.00153457 -0.00070478 -0.00177530 
0.00000000 -0.00000000 0.03685617 -0.00085487 0.00165863 -0.00147446 
0.00000000 -0.00000000 0.02848196 -0.00033823 -0.00305415 0.00216204 
0.00000000 -0.00000000 0.03270793 0.00114029 0.00325797 -0.00268752 
0.00000000 -0.00000000 0.03335190 0.00023222 0.00081460 0.00026276 
0.00000000 -0.00000000 0.03510904 -0.00125543 -0.00412683 0.00193030 
0.00000000 -0.00000000 0.03393912 -0.00029379 0.00492680 0.00057058 
0.00000000 -0.00000000 0.03061986 0.00103995 -0.00271438 -0.00142381 
0.00000000 -0.00000000 0.03390002 -0.00027500 0.00049070 -0.00055418 
0.00000000 -0.00000000 0.03344202 0.00023349 -0.00138736 0.00009773 
0.00000000 -0.00000000 0.03260612 -0.00029576 0.00022222 0.00093645 
0.00000000 -0.00000000 0.03985381 0.00024670 0.00463726 -0.00193494 
0.00000000 -0.00000000 0.02688718 0.00012547 -0.00311316 0.00067586 
0.00000000 -0.00000000 0.03392196 -0.00082419 -0.00495828 0.00211967 
0.00000000 -0.00000000 0.03289604 -0.00004986 0.00595199 0.00193113 
0.00000000 -0.00000000 0.03305697 -0.00043719 -0.00069887 0.00041722 
0.00000000 -0.00000000 0.03690004 0.00025638 -0.00195346 -0.00286081 
0.00000000 -0.00000000 0.03207683 0.00124493 -0.00043775 -0.00098178 
0.00000000 -0.00000000 0.03122902 0.00015963 0.00142524 -0.00114890 
0.00000000 -0.00000000 0.03305197 -0.00078195 -0.00054776 0.00326623 
0.00000000 -0.00000000 0.03398418 -0.00058048 -0.00131531 0.00009158 
0.00000000 -0.00000000 0.03574800 0.00115081 0.00313046 -0.00144937 
0.00000000 -0.00000000 0.03041482 -0.00076133 -0.00116873 0.00123561 
0.00000000 -0.00000000 0.03525209 0.00008991 0.00017984 -0.00116108 
0.00000000 -0.00000000 0.03179002 0.00066280 -0.00186258 -0.00266835 
0.00000000 -0.00000000 0.03324390 -0.00106878 0.00089173 0.00180039 
0.00000000 -0.00000000 0.03684902 0.00104357 0.00013254 -0.00157494 
0.00000000 -0.00000000 0.02976704 0.00069505 0.00305842 0.00132050 
0.00000000 -0.00000000 0.03321505 -0.00072082 -0.00212157 0.00088360 
0.00000000 -0.00000000 0.03547192 -0.00118561 -0.00035092 0.00062425 
0.00000000 -0.00000000 0.03196311 0.00215696 0.00362225 -0.00493881 
0.00000000 -0.00000000 0.03794098 -0.00085433 -0.00000870 0.00346637 
0.00000000 -0.00000000 0.02845693 -0.00002100 -0.00397935 0.00118886 
0.00000000 -0.00000000 0.03263211 -0.00059704 0.00236290 0.00100818 
0.00000000 -0.00000000 0.03380489 -0.00014186 -0.00038706 0.00074659 
0.00000000 -0.00000000 0.03378296 0.00044872 -0.00041036 -0.00233235 
0.00000000 -0.00000000 0.03541613 -0.00053117 0.00067665 0.00100300 
0.00000000 -0.00000000 0.02964687 0.00074176 0.00154520 -0.00163662 
0.00000000 -0.00000000 0.03336310 -0.00027026 -0.00090501 -0.00092363 
0.00000000 -0.00000000 0.03323889 0.00063486 -0.00118012 -0.00070746 
0.00000000 -0.00000000 0.03363800 -0.00053860 -0.00072892 0.00148110 
0.00000000 -0.00000000 0.03860497 -0.00096047 -0.00208793 0.00223606 
0.00000000 -0.00000000 0.02798915 -0.00040533 0.00145387 0.00080802 
0.00000000 -0.00000000 0.03338790 0.00272313 -0.00036229 -0.00499796 
0.00000000 -0.00000000 0.03383708 -0.00071100 0.00099738 -0.00043281 
0.00000000 -0.00000000 0.03269291 -0.00036949 0.00098652 0.00145166 
0.00000000 -0.00000000 0.03718114 0.00106466 0.00190780 -0.00184982 
0.00000000 -0.00000000 0.03121185 -0.00091246 -0.00319293 0.00123096 
0.00000000 -0.00000000 0.03135300 0.00009958 -0.00123897 -0.00093017 
0.00000000 -0.00000000 0.03348899 -0.00095176 -0.00072987 0.00331369 
0.00000000 -0.00000000 0.03367519 0.00035583 -0.00099929 -0.00169910 
0.00000000 -0.00000000 0.03572297 -0.00014596 0.00198270 0.00149226 
0.00000000 -0.00000000 0.03087091 -0.00000380 0.00092956 0.00055291 
0.00000000 -0.00000000 0.03396797 0.00161030 -0.00276984 -0.00593257 
0.00000000 -0.00000000 0.03252101 -0.00109400 0.00227511 0.00397268 
0.00000000 -0.00000000 0.03320003 -0.00057298 -0.00057350 0.00125750 
0.00000000 -0.00000000 0.03639102 0.00176388 -0.00092899 -0.00368161 
0.00000000 -0.00000000 0.03008604 -0.00283216 0.00318429 0.00735654 
0.00000000 -0.00000000 0.03351283 0.00050791 0.00083991 -0.00268514 
0.00000000 -0.00000000 0.03582406 0.00054254 0.00053848 -0.00129790 
0.00000000 -0.00000000 0.03172994 -0.00023146 -0.00157600 0.00165609 
0.00000000 -0.00000000 0.03812313 0.00140537 0.00403806 -0.00279422 
0.00000000 -0.00000000 0.02883196 -0.00093050 -0.00599997 0.00185911 
0.00000000 -0.00000000 0.03180504 0.00150338 0.00162987 -0.00475783 
0.00000000 -0.00000000 0.03342199 -0.00146240 -0.00205210 0.00353748 
0.00000000 -0.00000000 0.03465104 -0.00107175 -0.00009998 0.00307810 
0.00000000 -0.00000000 0.03502393 0.00059641 0.00571346 -0.00215057 
0.00000000 -0.00000000 0.03037310 -0.00041447 -0.00240234 0.00080155 
0.00000000 -0.00000000 0.03317499 0.00087605 -0.00185395 -0.00124980 
0.00000000 -0.00000000 0.03327704 0.00037023 0.00042397 -0.00215993 
0.00000000 -0.00000000 0.03353691 -0.00152609 0.00080071 0.00703058 
0.00000000 -0.00000000 0.03903294 0.00014964 -0.00110713 -0.00056800 
0.00000000 -0.00000000 0.02730012 0.00136121 0.00177721 -0.00487779 
0.00000000 -0.00000000 0.03348803 -0.00072009 -0.00152329 0.00370101 
0.00000000 -0.00000000 0.03355384 -0.00098320 0.00068954 -0.00069095 
0.00000000 -0.00000000 0.03332496 0.00159303 -0.00092215 -0.00373843 
0.00000000 -0.00000000 0.03616118 -0.00021547 0.00169633 0.00105502 
0.00000000 -0.00000000 0.03282499 -0.00041993 -0.00189317 0.00106770 
0.00000000 -0.00000000 0.03075099 -0.00103335 0.00036804 0.00196551 
0.00000000 -0.00000000 0.03322291 0.00054959 -0.00203424 -0.00057768 
0.00000000 -0.00000000 0.03343701 -0.00109147 0.00145392 0.00427275 
0.00000000 -0.00000000 0.03682494 0.00161265 0.00129382 -0.00427221 
0.00000000 -0.00000000 0.02972412 0.00139297 -0.00208941 -0.00443407 
0.00000000 -0.00000000 0.03505993 -0.00175377 0.00382447 0.00557980 
0.00000000 -0.00000000 0.03150511 0.00009458 -0.00260902 0.00011790 
0.00000000 -0.00000000 0.03366184 0.00154377 0.00116623 -0.00758442 
0.00000000 -0.00000000 0.03665209 -0.00068546 0.00033297 0.00381739 
0.00000000 -0.00000000 0.02960205 -0.00143992 -0.00164778 0.00278313 
0.00000000 -0.00000000 0.03366184 0.00170572 0.00259510 -0.00318735 
0.00000000 -0.00000000 0.03572297 -0.00049668 0.00065640 0.00147456 
0.00000000 -0.00000000 0.03189802 -0.00030968 -0.00522944 -0.00121498 
0.00000000 -0.00000000 0.04193401 0.00128196 0.00346938 0.00013420 
0.00000000 -0.00000000 0.02474117 -0.00249319 -0.00225876 0.00290854 
0.00000000 -0.00000000 0.03190398 0.00103418 -0.00003860 -0.00197417 
0.00000000 -0.00000000 0.03351498 0.00122066 0.00299461 -0.00297135 
0.00000000 -0.00000000 0.03448200 -0.00177787 -0.00219911 0.00419610 
0.00000000 -0.00000000 0.03533888 0.00137585 0.00230011 -0.00307752 
0.00000000 -0.00000000 0.03013611 -0.00075769 -0.00286066 0.00184913 
0.00000000 -0.00000000 0.03331089 -0.00123911 0.00053697 0.00589817 
0.00000000 -0.00000000 0.03332305 0.00078861 0.00083872 -0.00482449 
0.00000000 -0.00000000 0.03384113 0.00090645 0.00366080 0.00018607 
0.00000000 -0.00000000 0.03867078 0.00054238 -0.00236114 -0.00154823 
0.00000000 -0.00000000 0.02724719 -0.00029814 -0.00062403 -0.00127154 
0.00000000 -0.00000000 0.03340697 0.00023767 0.00156080 0.00105455 
0.00000000 -0.00000000 0.03336692 -0.00002387 -0.00223147 -0.00109829 
0.00000000 -0.00000000 0.03326511 -0.00031513 0.00069430 -0.00045126 
0.00000000 -0.00000000 0.03748679 -0.00075548 0.00263504 0.00351800 
0.00000000 -0.00000000 0.03117514 -0.00032694 -0.00103881 -0.00054392 
0.00000000 -0.00000000 0.03113699 0.00047732 -0.00175320 -0.00083547 
0.00000000 -0.00000000 0.03347111 0.00013515 -0.00123133 0.00004641 
0.00000000 -0.00000000 0.03376079 0.00017296 0.00243184 -0.00091120 
0.00000000 -0.00000000 0.03629112 -0.00089182 -0.00124610 0.00161366 
0.00000000 -0.00000000 0.03009796 -0.00062905 0.00008596 0.00387561 
0.00000000 -0.00000000 0.03450298 0.00211351 0.00252510 -0.00409159 
0.00000000 -0.00000000 0.03211212 -0.00181094 -0.00113196 0.00315838 
0.00000000 -0.00000000 0.03340602 0.00057809 0.00111931 -0.00267293 
0.00000000 -0.00000000 0.03657699 0.00083653 -0.00275000 -0.00065248 
0.00000000 -0.00000000 0.03015399 -0.00006658 -0.00014081 -0.00019435 
0.00000000 -0.00000000 0.03376889 -0.00220948 -0.00119582 0.00583630 
0.00000000 -0.00000000 0.03538895 0.00235934 0.00150664 -0.00845160 
0.00000000 -0.00000000 0.03163505 -0.00045399 0.00346685 0.00340188 
0.00000000 -0.00000000 0.03813195 -0.00105274 -0.00247974 0.00029593 
0.00000000 -0.00000000 0.02971411 0.00041137 0.00133648 -0.00046716 
0.00000000 -0.00000000 0.03201008 0.00058873 -0.00175496 0.00161815 
0.00000000 -0.00000000 0.03231692 0.00051967 -0.00019211 -0.00471038 
0.00000000 -0.00000000 0.03477788 -0.00050555 0.00207074 0.00117474 
0.00000000 -0.00000000 0.03523612 0.00160670 -0.00397743 -0.00335858 
0.00000000 -0.00000000 0.03039908 -0.00041221 0.00206240 0.00005670 
0.00000000 -0.00000000 0.03303599 -0.00150385 -0.00108162 0.00652233 
0.00000000 -0.00000000 0.03318000 -0.00076131 -0.00022903 0.00123504 
0.00000000 -0.00000000 0.03328490 0.00151600 0.00233098 -0.00369591 
0.00000000 -0.00000000 0.03910804 0.00147455 -0.00180871 -0.00523182 
0.00000000 -0.00000000 0.02738786 -0.00308224 -0.00028277 0.00803990 
0.00000000 -0.00000000 0.03326511 0.00184708 0.00206940 -0.00203596 
0.00000000 -0.00000000 0.03388500 -0.00095632 -0.00064467 -0.00141983 
0.00000000 -0.00000000 0.03323102 -0.00029430 -0.00190866 0.00102781 
0.00000000 -0.00000000 0.03617406 -0.00065878 0.00226410 0.00180855 
0.00000000 -0.00000000 0.03207183 0.00073702 0.00046300 0.00025570 
0.00000000 -0.00000000 0.03224301 -0.00085458 -0.00133543 0.00055402 
0.00000000 -0.00000000 0.03305507 0.00225197 0.00158831 -0.00525822 
0.00000000 -0.00000000 0.03288198 -0.00032056 -0.00044266 0.00111772 
0.00000000 -0.00000000 0.03672504 -0.00089074 0.00027194 0.00214459 
0.00000000 -0.00000000 0.02998996 -0.00081685 -0.00063481 0.00277770 
0.00000000 -0.00000000 0.03453994 0.00163313 -0.00064040 -0.00532569 
0.00000000 -0.00000000 0.03214216 -0.00057037 0.00390974 0.00381922 
0.00000000 -0.00000000 0.03346896 0.00091992 -0.00162896 -0.00506512 
0.00000000 -0.00000000 0.03652787 -0.00107004 -0.00287139 0.00540171 
0.00000000 -0.00000000 0.02974915 0.00027459 -0.00075464 -0.00188745 
0.23451979 0.23451979 0.02797079 0.00005890 0.00552806 0.00511085 
0.23451979 0.23451979 0.03292203 0.00148073 -0.00019437 -0.00342519 
0.23451979 0.23451979 0.03277016 0.00017825 0.00638775 0.00094331 
0.23451979 0.23451979 0.03480887 0.00052028 0.00470904 -0.00383723 
0.23451979 0.23451979 0.03507400 -0.00012410 0.00530461 -0.00227518 
0.23451979 0.23451979 0.02964902 -0.00151084 0.00512483 0.00167891 
0.23451979 0.23451979 0.03330302 0.00073603 0.00571357 -0.01243526 
0.23851186 0.23851186 0.03260398 0.00092874 0.01075591 -0.00454724 
0.23851186 0.23851186 0.03955102 0.00061680 0.00516124 -0.00866681 
0.23851186 0.23851186 0.02766490 -0.00289574 0.00627983 0.00140548 
0.23851186 0.23851186 0.03306413 0.00490214 0.01536148 -0.01833971 
0.23851186 0.23851186 0.03454685 -0.00153864 0.01253888 -0.00494700 
0.23851186 0.23851186 0.03194809 -0.00295930 0.00837951 0.00036515 
0.23851186 0.23851186 0.03637910 0.00140991 0.01166064 -0.01605863 
0.23851186 0.23851186 0.03140998 -0.00377681 0.01392616 -0.00090184 
0.23851186 0.23851186 0.03240705 0.00121363 0.01384136 -0.00842554 
0.23851186 0.23851186 0.03314185 -0.00072069 0.01367790 -0.00330820 
0.23851186 0.23851186 0.03315306 0.00254959 0.01176376 -0.00518489 
0.23851186 0.23851186 0.03664494 0.00019503 0.01497922 0.00641958 
0.23851186 0.23851186 0.03004193 -0.00235052 0.01388314 0.00874954 
0.23851186 0.23851186 0.03490210 -0.00080437 0.00788467 0.00671288 
0.23851186 0.23851186 0.03220606 -0.00076926 0.01152838 0.00885324 
0.22815615 0.26483583 0.02711677 -0.00225191 0.01686704 0.01681069 
0.21538153 0.27761045 0.03536797 -0.00041041 0.01135858 0.00698279 
0.21218789 0.28080410 0.03609490 -0.00137699 0.01091674 0.00262133 
0.21218789 0.28080410 0.02970004 -0.00094995 0.01008172 -0.00013734 
0.27206889 0.30874857 0.03272700 -0.00149307 0.01425938 -0.00214651 
0.27606097 0.31274065 0.03287005 0.00105666 0.01129140 -0.00880358 
0.27606097 0.31274065 0.03879905 0.00326294 0.01612624 -0.00855935 
0.24412444 0.34467718 0.03207707 -0.00199174 0.00967289 -0.00416831 
0.24572125 0.35904863 0.03188896 -0.00012296 0.01042769 0.00048751 
0.23294663 0.37182325 0.03323507 0.00133381 0.01618893 0.00403729 
0.21059106 0.39417884 0.03183103 -0.00484090 0.00789540 0.01264028 
0.21059106 0.39417884 0.03359318 -0.00368130 0.02606660 0.02360436 
0.21059106 0.39417884 0.03570294 0.00124395 0.01898539 0.00910717 
0.21059106 0.39417884 0.03098297 -0.00649630 0.00545764 0.02646756 
0.21059106 0.39417884 0.03268409 0.00150593 0.02485081 0.02410797 
0.21059106 0.39417884 0.03548598 -0.00705791 0.00978706 0.02728993 
0.21059106 0.39417884 0.03231788 -0.01041877 0.03025487 0.05181531 
0.21059106 0.39417884 0.03869510 0.00163111 0.02477595 0.01519677 
0.21059106 0.39417884 0.02790904 -0.00319109 0.01820194 0.02366364 
0.21059106 0.39417884 0.03257799 -0.00487092 0.01917433 0.02729100 
0.21059106 0.39417884 0.03292489 -0.00272528 0.01748580 0.02061331 
0.21059106 0.39417884 0.03485203 -0.00115414 0.01902251 0.02116812 
0.21059106 0.39417884 0.03468990 -0.00196502 0.02141655 0.03078285 
0.21059106 0.39417884 0.03042912 -0.00619100 0.01075553 0.03987382 
0.30238494 0.30238494 0.03902388 0.00017397 0.03390587 0.02620084 
0.30238494 0.30238494 0.02762699 -0.00813298 0.07126881 0.06521113 
0.30238494 0.30238494 0.03294015 -0.00455702 0.00542166 0.01146246 
0.30238494 0.30238494 0.03362703 -0.00319263 0.01904703 0.00381318 
0.30238494 0.30238494 0.03348088 -0.00103609 0.01481125 -0.00094436 
0.30238494 0.30238494 0.03614998 -0.00109133 0.02581916 -0.00760633 
0.30238494 0.30238494 0.03215098 -0.00060987 0.01414609 -0.00548763 
0.30238494 0.30238494 0.03173995 -0.00244521 0.01277387 -0.00100062 
0.30238494 0.30238494 0.03301406 -0.00193288 0.01277342 -0.00608629 
0.30238494 0.30238494 0.03369403 0.00871889 0.01690452 -0.02465111 
0.30238494 0.30238494 0.03618407 0.00172738 0.01367679 -0.01141993 
0.30238494 0.30238494 0.03053307 -0.00044400 0.01226138 -0.00928775 
0.30238494 0.30238494 0.03448892 0.00267099 0.01534736 -0.01207033 
0.30238494 0.30238494 0.03207397 0.00033635 0.01400100 -0.00877799 
0.30238494 0.30238494 0.03353405 0.00286682 0.01484354 -0.01172830 
0.30637702 0.30637702 0.02742314 0.00067751 0.01448487 -0.00863347 
0.34631309 0.34631309 0.03849006 -0.00285386 0.02381668 -0.00150119 
0.32398120 0.39259741 0.03399706 -0.00178028 0.01656289 0.00534681 
0.32398120 0.39259741 0.03542590 0.00250327 0.01083057 -0.01136383 
0.32398120 0.39259741 0.03013802 -0.00504096 0.01490115 0.01468705 
0.32398120 0.39259741 0.03433108 0.00227783 0.01406229 -0.00751796 
0.32398120 0.39259741 0.03247094 -0.00450775 0.01192437 0.01418807 
0.32398120 0.39259741 0.03290296 0.00191190 0.01723829 -0.00107294 
0.32398120 0.39259741 0.03945613 -0.00434980 0.00854805 0.01036468 
0.32398120 0.39259741 0.02721691 -0.00021458 0.01695677 0.00417767 
0.32398120 0.39259741 0.03335309 -0.00083778 0.01059061 0.00427954 
0.35828930 0.35828930 0.03625393 0.00187014 0.01693384 0.00002335 
0.35828930 0.35828930 0.03162599 -0.00051438 0.00903189 -0.00363549 
0.35828930 0.35828930 0.03209305 -0.00005947 0.01894268 0.00155902 
0.35828930 0.35828930 0.03323317 0.00179579 0.01049683 -0.01429089 
0.36382985 0.35274875 0.03274584 0.00053816 0.01515632 -0.01185937 
0.36382985 0.35274875 0.03035593 0.00010129 0.03234308 -0.01318881 
0.36382985 0.35274875 0.03302407 0.00057230 0.01470929 -0.00365296 
0.36382985 0.35274875 0.03462791 0.00283098 0.01651194 -0.01434782 
0.36382985 0.35274875 0.03326201 0.00161130 0.01955002 -0.00179779 
0.36382985 0.35274875 0.03627014 0.00298227 0.02030606 -0.00861473 
0.36382985 0.35274875 0.03009105 0.00604833 0.01907867 -0.01190877 
0.36382985 0.35274875 0.03272200 -0.00784305 0.01127816 0.01518089 
0.35828930 0.35828930 0.03256798 0.02941865 0.62106456 -1.12107574 
0.35828930 0.35828930 0.03503585 0.00098877 0.05572222 -0.03293819 
0.27927002 0.43730858 0.03377700 -0.01246149 0.06548078 0.17551601 
0.27927002 0.43730858 0.03655291 0.00260627 0.06982881 0.02677849 
0.35828930 0.35828930 0.03312421 -0.00307228 0.05503341 0.02440780 
0.35828930 0.35828930 0.03647995 0.00403686 0.02305044 -0.01439726 
0.35828930 0.35828930 0.03026485 -0.00321302 0.01349468 -0.02569093 
0.35828930 0.35828930 0.03526402 0.00016683 0.02936326 0.00966674 
0.35828930 0.35828930 0.03132105 0.00783308 -0.02721220 -0.07217337 
0.35828930 0.35828930 0.03326297 -0.00508500 0.07830755 0.01022421 
0.35828930 0.35828930 0.03114080 -0.00190828 0.02439252 -0.06176508 
0.35828930 0.35828930 0.03466391 0.00216238 0.05458336 -0.06420903 
0.35828930 0.35828930 0.03332210 0.00152323 0.00183834 -0.04839816 
0.35828930 0.35828930 0.03806305 -0.00031916 0.03693602 -0.00562439 
0.35828930 0.35828930 0.02771187 0.00525529 0.02641640 -0.04094347 
0.35828930 0.35828930 0.03299594 0.01350174 0.21901286 -0.11937110 
0.22817157 0.48840702 0.03291297 -0.00365951 0.01959533 0.02780763 
0.26649541 0.45008320 0.03377008 -0.01978348 0.14925863 0.35520175 
0.35828930 0.35828930 0.03321195 -0.00357429 0.03284721 0.02783764 
0.35828930 0.35828930 0.03343105 -0.00077313 0.02800201 0.01719012 
0.35828930 0.35828930 0.03641605 0.00681822 0.01676592 -0.00694423 
0.35828930 0.35828930 0.03052878 -0.00364987 0.03412793 0.01011762 
0.35828930 0.35828930 0.03443599 0.00246170 0.02624532 -0.01468900 
0.35828930 0.35828930 0.03200102 0.00383793 0.03275026 -0.03550974 
0.35828930 0.35828930 0.03346109 0.00083727 0.01738566 -0.01650059 
0.35828930 0.35828930 0.03614593 0.00553390 0.02471078 -0.03551373 
0.35828930 0.35828930 0.03021717 0.00420241 0.02128624 -0.02582950 
0.00000000 -0.00000000 0.03243995 -0.00386157 0.03146518 0.00503759 
0.00000000 -0.00000000 0.03414106 0.00336828 0.00680838 -0.01219862 
0.00000000 -0.00000000 0.03308988 0.00351348 0.01373561 -0.00978458 
0.00000000 -0.00000000 0.03907919 -0.00531734 0.01433368 0.02185807 
0.00000000 -0.00000000 0.02675200 -0.00012191 0.00867453 -0.00258368 
0.00000000 -0.00000000 0.03328991 0.00019107 0.00380009 -0.00439654 
0.00000000 -0.00000000 0.03311801 -0.00037323 -0.00139205 -0.00178479 
0.00000000 -0.00000000 0.03536797 0.00211837 0.00305234 -0.00340114 
0.00000000 -0.00000000 0.03779101 0.00070608 -0.00306683 -0.00247057 
0.15466303 0.15466303 0.03661585 -0.00019359 0.00544232 0.00040956 
0.15466303 0.15466303 0.03130317 0.00001261 0.01280452 -0.00341789 
0.22653566 0.22653566 0.03641915 -0.00007853 0.00909415 0.00028159 
0.22653566 0.22653566 0.03036284 0.00173382 0.00784510 -0.00814269 
0.22653566 0.22653566 0.03367019 -0.00159442 0.01634804 -0.00231331 
0.23851186 0.23851186 0.03318596 -0.00382618 0.01438576 0.00870126 
0.23851186 0.23851186 0.03547502 0.00177984 0.00996720 -0.00553443 
0.23851186 0.23851186 0.03014684 -0.00227940 0.00966472 0.00512295 
0.25048807 0.25048807 0.03290582 0.00137045 0.00769974 -0.00508251 
0.25847220 0.25847220 0.03024912 0.00172053 0.02319496 -0.00444541 
0.26645634 0.26645634 0.03243685 0.00150497 0.01125773 -0.01456656 
0.26645634 0.26645634 0.03507114 0.00239443 0.01552737 -0.01833604 
0.32389379 0.21700305 0.03859115 0.00317815 0.01924078 -0.01943541 
0.33347476 0.20742208 0.03343701 0.01111677 0.01175519 -0.05495518 
0.33347476 0.20742208 0.03314996 0.00075331 0.02091840 -0.02512334 
0.33347476 0.20742208 0.03321600 0.02037660 -0.03312437 -0.10370133 
0.33347476 0.20742208 0.03597593 -0.01385598 0.06511758 0.01033046 
0.35583034 0.18506651 0.03309083 0.01453911 0.12481060 -0.18530901 
0.36541128 0.17548555 0.03419495 0.00101567 0.03588017 -0.02566754 
0.36541128 0.17548555 0.03181291 0.00501627 0.00466419 -0.05043940 
0.35503191 0.14594424 0.03047514 -0.00194097 0.01983649 -0.02123348 
0.39336810 0.10760807 0.03482699 0.04400064 0.47177666 -0.31944603 
0.39336810 0.10760807 0.03081083 0.00178628 0.00624328 -0.02245498 
0.36941567 0.05171910 0.03303289 0.00998749 -0.02324225 -0.05800876 
0.26401275 0.15712202 0.03238082 0.06322424 0.15791017 -0.87022267 
0.26401275 0.15712202 0.03281808 0.00734037 0.00680112 -0.03490774 
0.25762546 0.16350932 0.03492784 0.00860568 -0.00560544 -0.04051026 
0.27359372 0.17947760 0.03200912 0.00410737 0.00764307 -0.03220263 
0.27359372 0.17947760 0.03290296 0.01044309 0.00683689 -0.03175808 
0.27359372 0.17947760 0.03465390 0.00519945 0.00461449 -0.02540456 
0.27359372 0.17947760 0.03787613 0.00055094 0.01032715 -0.01604201 
0.27359372 0.17947760 0.02763081 0.00255256 0.01033394 -0.01922479 
0.27359372 0.17947760 0.03348208 -0.00026344 0.00738003 -0.01828610 
0.27359372 0.17947760 0.03331208 0.00316242 0.01560091 -0.02320675 
0.27359372 0.17947760 0.03323793 0.00680952 0.00837673 -0.02333804 
0.29115883 0.20981732 0.03389001 0.00475721 0.00943660 -0.02119279 
0.29115883 0.20981732 0.03304315 -0.00037933 0.01499086 -0.01755521 
0.29115883 0.20981732 0.03599691 0.00317925 0.01599260 -0.01405010 
0.29115883 0.20981732 0.03037500 0.00449911 0.01383594 -0.01825218 
0.25048807 0.25048807 0.03289008 0.00060547 0.01971185 -0.01162210 
0.25048807 0.25048807 0.03564501 0.00281634 0.01423224 -0.01567785 
0.25048807 0.25048807 0.03090692 0.00038031 0.02019570 -0.00546486 
0.25048807 0.25048807 0.03332305 0.00028604 0.01775777 -0.00570851 
0.25048807 0.25048807 0.03405499 0.00615890 0.00645674 0.00036638 
0.25048807 0.25048807 0.03379798 0.00479857 0.01271909 -0.02231155 
0.25048807 0.25048807 0.03596401 -0.00071712 0.03273464 -0.00909595 
0.25048807 0.25048807 0.03077602 0.00037595 0.01512705 -0.00645355 
0.25048807 0.25048807 0.03264594 0.00087528 0.01578707 -0.00442165 
0.25048807 0.25048807 0.03259492 0.00022033 0.01911450 -0.00716001 
0.25048807 0.25048807 0.03472209 0.00116033 0.01824535 -0.00930053 
0.25048807 0.25048807 0.03481889 0.00077896 0.01371124 -0.00770169 
0.25048807 0.25048807 0.03025508 0.00250930 0.01748896 -0.00856901 
0.25048807 0.25048807 0.03384399 0.00296638 0.01713334 -0.01415126 
0.25048807 0.25048807 0.03301692 0.50208795 0.35283705 -0.21702735 
0.25048807 0.25048807 0.03323913 -0.00194844 0.01709694 -0.00105686 
0.25048807 0.25048807 0.03880095 0.00079643 0.01593274 -0.01471576 
0.25048807 0.25048807 0.02788997 0.00055215 0.02053694 -0.00733184 
0.25048807 0.25048807 0.03323412 -0.00009488 0.01640649 -0.00150592 
0.25048807 0.25048807 0.03347302 -0.00066691 0.01774640 -0.00243678 
0.25048807 0.25048807 0.03308988 -0.00042130 0.01580113 -0.00385433 
0.10438974 0.39658639 0.03466296 0.00119325 0.01665169 -0.00311597 
0.09640560 0.42053881 0.03054690 -0.00183264 0.01629918 0.00797410 
0.08043732 0.43650708 0.03215289 0.00021869 0.01055065 0.00692072 
0.07405002 0.44289440 0.03562117 -0.00125326 0.01052022 0.00600068 
0.07085637 0.44608805 0.03269291 -0.00335945 0.01478663 0.01746002 
0.06446906 0.45247534 0.03305817 -0.00560375 0.01872391 0.02433138 
0.06446906 0.45247534 0.03595400 -0.00442592 0.01750600 0.03638149 
0.06446906 0.45247534 0.03167486 0.00002601 0.00297671 0.02385532 
0.06446906 0.45247534 0.03145099 0.00030162 0.01893106 0.03159618 
0.06446906 0.45247534 0.03289318 0.00069213 0.00818891 0.03106304 
0.06446906 0.45247534 0.03492188 -0.00754658 0.03113524 0.04701737 
0.05808175 0.45886266 0.03099299 0.00871395 0.00737133 0.02432507 
0.05808175 0.45886266 0.03322196 -0.00478606 0.03742169 0.07427593 
0.05808175 0.45886266 0.02789378 0.01429743 0.04353153 0.08379715 
0.05808175 0.45886266 0.03378105 0.00335863 0.06689754 0.05313089 
0.05808175 0.45886266 0.03349209 -0.01307992 -0.00298421 0.02792780 
0.05808175 0.45886266 0.03573084 0.01082551 0.04248227 0.01271771 
0.27044842 0.27044842 0.03374410 0.33600150 2.02962664 -1.25190974 
0.27044842 0.27044842 0.03279781 0.00145903 0.02071881 -0.02769558 
0.27044842 0.27044842 0.03361511 0.34170689 0.95074681 -0.62369146 
0.27044842 0.27044842 0.03596711 -0.00331358 0.03245816 -0.01601431 
0.27044842 0.27044842 0.03378105 0.00871663 0.11621692 -0.16679526 
0.27044842 0.27044842 0.03304601 -0.00202157 0.06289491 -0.06398135 
0.27044842 0.27044842 0.03613806 0.49127386 1.30757055 -0.56139910 
0.27044842 0.27044842 0.03093886 -0.00576129 0.03300646 -0.00100139 
0.27044842 0.27044842 0.03414917 0.00153799 0.01368588 -0.02596948 
0.27044842 0.27044842 0.03198194 0.00987478 -0.01941642 -0.04488885 
0.27044842 0.27044842 0.03359699 -0.00543253 0.04248301 -0.01052617 
0.27843255 0.27843255 0.02672505 0.45671971 1.79276253 -0.87640664 
0.27843255 0.27843255 0.03359508 0.01102112 -0.02634565 -0.04682768 
0.27843255 0.27843255 0.03395700 -0.01650393 0.08549437 0.04853693 
0.27843255 0.27843255 0.03379297 0.02536285 -0.09093366 -0.08507750 
0.27843255 0.27843255 0.03780103 0.42384839 1.23773484 -0.43717105 
0.27843255 0.27843255 0.03285098 -0.00030561 0.03392505 -0.01289696 
0.27843255 0.27843255 0.03323793 -0.00211334 0.03366633 0.00568301 
0.27843255 0.27843255 0.03456807 0.00483263 0.01357395 -0.02868790 
0.27843255 0.27843255 0.04059791 -0.00280651 0.02532038 0.00036810 
0.27843255 0.27843255 0.02642703 0.33074345 1.27063429 -0.58576103 
0.27843255 0.27843255 0.03151202 0.32550373 0.90054327 -0.33821051 
0.27843255 0.27843255 0.03356385 0.19820852 1.13483862 -0.68427966 
0.27843255 0.27843255 0.03346706 0.15887072 0.43071232 -0.25208268 
0.28242460 0.28242460 0.02620816 -0.00893678 0.04441840 0.04025028 
0.28242460 0.28242460 0.03377795 -0.00193430 0.02408947 0.00978655 
0.28242460 0.28242460 0.03268600 0.00263501 0.01870735 -0.01688895 
0.28242460 0.28242460 0.03309107 -0.00159343 0.00497563 -0.01580365 
0.29440081 0.29440081 0.03229117 -0.00093920 0.02669717 -0.02808452 
0.30238494 0.30238494 0.03269982 0.43881232 1.12023565 -0.47045687 
0.30238494 0.30238494 0.03594613 -0.00123238 0.06070076 -0.03834069 
0.30238494 0.30238494 0.03027606 0.00847460 0.01015669 -0.04579831 
0.30238494 0.30238494 0.03433681 0.00683369 0.03792388 -0.03902688 
0.30238494 0.30238494 0.03201699 -0.00221061 0.03408878 -0.01368416 
0.30238494 0.30238494 0.03368902 0.00233162 -0.00594924 -0.03627656 
0.30238494 0.30238494 0.03620315 0.00168070 0.03136457 -0.02529100 
0.30238494 0.30238494 0.03005695 0.00388304 0.01072283 -0.04479778 
0.30238494 0.30238494 0.03389287 -0.00219889 0.01587830 -0.02383586 
0.30238494 0.30238494 0.03376412 0.00181590 0.01669536 -0.07066691 
0.15628661 0.44848326 0.03477120 -0.00033673 0.01652920 0.02055696 
0.15628661 0.44848326 0.03162193 0.00227296 0.00458665 0.01193993 
0.30238494 0.30238494 0.02832508 -0.02583071 0.21637699 0.61608201 
0.30238494 0.30238494 0.03161407 -0.02176224 0.17537681 0.23973395 
0.30238494 0.30238494 0.03375578 -0.00792544 0.02682334 0.03889416 
0.30238494 0.30238494 0.03315401 0.00221142 0.01638162 -0.01082733 
0.30238494 0.30238494 0.03657818 -0.00389216 0.03148452 0.00802730 
0.30238494 0.30238494 0.03023195 0.00269595 0.01646337 -0.02284592 
0.22254360 0.22254360 0.02791405 0.00159952 0.01998947 -0.01223932 
0.22254360 0.22254360 0.03310585 0.00517012 0.00659573 -0.02821701 
0.22254360 0.22254360 0.03454304 0.00015023 0.01252478 -0.01294067 
0.22254360 0.22254360 0.03394508 0.00465213 0.01537257 -0.02370743 
0.22254360 0.22254360 0.03771305 0.00304216 0.01462547 -0.02402181 
0.14667889 0.14667889 0.03008795 0.13347680 -0.06676323 -2.29134729 
0.14667889 0.14667889 0.03492403 -0.00575361 0.00608543 -0.01513782 
0.21455945 0.21455945 0.03401089 -0.00202583 0.00974086 0.00620239 
0.21455945 0.21455945 0.03347111 -0.00011479 0.00197258 -0.00376085 
0.21455945 0.21455945 0.03529596 -0.00058446 0.00570697 -0.00028969 
0.21455945 0.21455945 0.03214288 -0.00109575 0.00889275 -0.00244556 
0.21455945 0.21455945 0.03257704 -0.00116666 0.01086032 0.00020850 
0.21455945 0.21455945 0.03248715 -0.00134909 0.01401739 0.00396467 
0.21455945 0.21455945 0.03318095 0.00178203 0.01367742 -0.00469087 
0.21455945 0.21455945 0.03604984 -0.00149586 0.00342951 0.01220774 
0.45809099 0.45809099 0.03864002 0.00108830 0.01002520 -0.03291761 
0.45809099 0.45809099 0.02745509 0.00363737 0.01625361 -0.03720104 
0.45809099 0.45809099 0.03354597 -0.00271154 0.01896194 0.00077120 
0.45809099 0.45809099 0.03314304 0.00506649 0.01976516 -0.01815434 
0.45809099 0.45809099 0.03346181 0.00755178 0.04556188 -0.02144334 
0.43813065 0.43813065 0.02824998 0.20553535 0.28533575 -0.20108793 
0.43813065 0.43813065 0.03175306 -0.00152134 0.02891917 -0.00130469 
0.43813065 0.43813065 0.03349781 0.16208557 0.66967378 -0.37726160 
0.39734784 0.14354901 0.03237414 0.29525006 0.29456578 -0.32015230 
0.50000000 0.50000000 0.03053307 0.00199870 0.03469292 -0.02025615 
0.50000000 0.50000000 0.03544903 -0.00698245 0.05731356 -0.04474801 
0.50000000 0.50000000 0.03106999 0.01677355 0.00233456 -0.03044779 
0.50000000 0.50000000 0.03330898 0.04556907 0.14397482 -0.74928916 
0.50000000 0.50000000 0.03967595 0.04283524 -0.02518758 0.34829789 
0.50000000 0.50000000 0.02687287 0.03853103 0.13023871 -0.74487204 
0.50000000 0.50000000 0.03331304 0.01883948 -0.01310874 0.45371960 
0.50000000 0.50000000 0.03564310 0.00548661 0.03366876 -0.04267797 
0.50000000 0.50000000 0.03084207 0.00076073 0.00912622 -0.00764669 
0.27925771 0.69281322 0.03406715 0.00181821 0.01209603 0.00747193 
0.46769562 0.50437528 0.03577304 0.00687237 0.03571088 0.03097034 
0.46769562 0.50437528 0.03190208 -0.00725333 0.03713799 0.04183038 
0.46769562 0.50437528 0.03187490 0.00691323 0.02522250 -0.00744503 
0.46769562 0.50437528 0.03383303 0.00162931 0.02101167 -0.00063252 
0.46769562 0.50437528 0.03292894 -0.00219499 0.03212287 0.00676105 
0.46769562 0.50437528 0.03629398 -0.00128401 0.02523939 0.00175487 
0.46769562 0.50437528 0.03074813 0.00064881 0.03260402 0.00070432 
